00000000
00000000
00000000
00000000
00000001
00000000
00000000
00000000
00000002
00000000
00000000
00000000
00000003
00000000
00000000
00000000
00000004
00000000
00000000
00000000
00000005
00000000
00000000
00000000
00000006
00000000
00000000
00000000
00000007
00000000
00000000
00000000
00000008
00000000
00000000
00000000
00000009
00000000
00000000
00000000
0000000a
00000000
00000000
00000000
0000000b
00000000
00000000
00000000
0000000c
00000000
00000000
00000000
0000000d
00000000
00000000
00000000
0000000e
00000000
00000000
00000000
0000000f
00000000
00000000
00000000
00000010
00000000
00000000
00000000
00000011
00000000
00000000
00000000
00000012
00000000
00000000
00000000
00000013
00000000
00000000
00000000
00000014
00000000
00000000
00000000
00000015
00000000
00000000
00000000
00000016
00000000
00000000
00000000
00000017
00000000
00000000
00000000
00000018
00000000
00000000
00000000
00000019
00000000
00000000
00000000
0000001a
00000000
00000000
00000000
0000001b
00000000
00000000
00000000
0000001c
00000000
00000000
00000000
0000001d
00000000
00000000
00000000
0000001e
00000000
00000000
00000000
0000001f
00000000
00000000
00000000
00000031
00000000
00000000
00000000
00000032
00000000
00000000
00000000
00000033
00000000
00000000
00000000
00000034
00000000
00000000
00000000
00000035
00000000
00000000
00000000
00000036
00000000
00000000
00000000
00000037
00000000
00000000
00000000
00000038
00000000
00000000
00000000
00000039
00000000
00000000
00000000
0000003a
00000000
00000000
00000000
0000003b
00000000
00000000
00000000
0000003c
00000000
00000000
00000000
0000003d
00000000
00000000
00000000
0000003e
00000000
00000000
00000000
0000003f
00000000
00000000
00000000
00000000
00000000
00000000
00000000
00000000
00000000
00000000
00000000
00000000
00000000
00000000
00000000
00000000
00000000
00000000
00000000
00000000
00000000
00000000
00000000
00000000
00000000
00000000
00000000
00000000
00000000
00000000
00000000
00000000
00000000
00000000
00000000
00000000
00000000
00000000
00000000
00000000
00000000
00000000
00000000
00000000
00000000
00000000
00000000
00000000
00000000
00000000
00000000
00000000
00000000
00000000
00000000
00000000
00000000
00000000
00000000
00000000
00000000
00000000
00000000
00000000
00000000
00000000
00000000
00000000
00000000
00000000
00000000
